lv | zelda | (0.79*(lv**2))+20 | (0.5*(lv**2))+20
1   17  20  20
2   18  23  22
3   18  27  24
4   19  32  28
5   23  39  32
6   25  48  38
7   33  58  44
8   25  70  52
9   57  83  60


"
seed = 1234567890
def key_bind(action, new_key):
    if action in keys:
        keys[action] = new_key
    else:
        return "ERROR"
"
lv | 0.25*((lv-1)**2)+5 | 0.15*((lv-1)**2)+5
1   5   5
2   5   5
3   6   6
4   7   6
5   9   7
6   11  9
7   14  10
8   17  12
9   21  15

lv | 0.26*((lv-1)**2)+2 | 0.17*((lv-1)**2)+2
1   2   2
2   2   2
3   3   3
4   4   4
5   6   5
6   9   6
7   11  8
8   15  10
9   19  13
